SBBF Scalability Benchmark Summary
======================================================================


BlockedBF-Wy+Pat [pattern_lookup] (2D)
--------------------------------------------------
    Elements   Insert(ns)    Query(ns)     FPR(%)   Memory(MB)
     131,072        13.83        16.67      7.050         0.16
     524,288        13.21        16.71      7.086         0.53
   2,097,152        14.68        16.84      7.187         2.03
   8,388,608        14.96        16.33      7.289         8.03
  33,554,432        42.04        40.51      7.755        32.03
 134,217,728        64.62        63.40      9.666       128.03

BlockedBF-Wy+Pat [pattern_lookup] (3D)
--------------------------------------------------
    Elements   Insert(ns)    Query(ns)     FPR(%)   Memory(MB)
     131,072        14.44        16.82      7.012         0.16
     524,288        15.28        16.86      7.080         0.53
   2,097,152        14.96        16.15      7.115         2.03
   8,388,608        16.11        16.74      7.098         8.03
  33,554,432        49.38        42.92      7.109        32.03
 134,217,728        64.43        64.03      7.109       128.03

RegisterBF-Wy+Pat [pattern_lookup] (2D)
--------------------------------------------------
    Elements   Insert(ns)    Query(ns)     FPR(%)   Memory(MB)
     131,072        13.37        15.47      8.440         0.13
     524,288        12.80        15.27      8.700         0.51
   2,097,152        13.18        15.67      8.705         2.01
   8,388,608        13.85        15.47      8.822         8.01
  33,554,432        35.24        37.46      9.254        32.01
 134,217,728        48.75        90.38     11.066       128.01

RegisterBF-Wy+Pat [pattern_lookup] (3D)
--------------------------------------------------
    Elements   Insert(ns)    Query(ns)     FPR(%)   Memory(MB)
     131,072        12.65        15.69      8.611         0.13
     524,288        13.26        15.80      8.646         0.51
   2,097,152        14.22        15.50      8.680         2.01
   8,388,608        15.02        15.45      8.644         8.01
  33,554,432        39.11        52.38      8.628        32.01
 134,217,728        60.35        56.98      8.644       128.01

SBBF-Hilbert2D [double_hash] (2D)
--------------------------------------------------
    Elements   Insert(ns)    Query(ns)     FPR(%)   Memory(MB)
     131,072         8.47         8.42      3.605         0.12
     524,288         8.47         8.45      3.718         0.50
   2,097,152         9.75        11.32      3.674         2.00
   8,388,608        11.59        11.71      3.676         8.00
  33,554,432        32.38        29.61      4.143        32.00
 134,217,728        48.52        59.71      7.506       128.00

SBBF-Hilbert2D [pattern_lookup] (2D)
--------------------------------------------------
    Elements   Insert(ns)    Query(ns)     FPR(%)   Memory(MB)
     131,072         7.47         7.44      3.873         0.13
     524,288         7.54         7.31      3.853         0.51
   2,097,152         8.76         8.73      3.904         2.01
   8,388,608         9.70        10.23      3.900         8.01
  33,554,432        40.94        27.48      3.887        32.01
 134,217,728        45.31        41.30      5.999       128.01

SBBF-Hilbert3D [double_hash] (3D)
--------------------------------------------------
    Elements   Insert(ns)    Query(ns)     FPR(%)   Memory(MB)
     131,072        18.30        20.30      3.643         0.12
     524,288        18.30        20.30      3.688         0.50
   2,097,152        19.37        20.78      3.675         2.00
   8,388,608        23.00        20.86      3.691         8.00
  33,554,432        53.79        46.56      3.686        32.00
 134,217,728        73.15        65.84      3.682       128.00

SBBF-Hilbert3D [pattern_lookup] (3D)
--------------------------------------------------
    Elements   Insert(ns)    Query(ns)     FPR(%)   Memory(MB)
     131,072        16.98        18.45      3.872         0.13
     524,288        16.61        18.03      3.967         0.51
   2,097,152        18.17        18.60      3.877         2.01
   8,388,608        19.99        19.53      3.889         8.01
  33,554,432        50.68        44.25      3.887        32.01
 134,217,728        71.39        64.56      3.887       128.01

SBBF-Morton2D [double_hash] (2D)
--------------------------------------------------
    Elements   Insert(ns)    Query(ns)     FPR(%)   Memory(MB)
     131,072         4.18         3.92      3.719         0.12
     524,288         4.39         4.18      3.639         0.50
   2,097,152         6.29         5.85      3.700         2.00
   8,388,608        15.04         6.19      3.688         8.00
  33,554,432        28.71        20.95      4.142        32.00
 134,217,728        87.86        62.63      7.505       128.00

SBBF-Morton2D [pattern_lookup] (2D)
--------------------------------------------------
    Elements   Insert(ns)    Query(ns)     FPR(%)   Memory(MB)
     131,072         4.32         4.88      3.934         0.13
     524,288         4.35         4.28      3.827         0.51
   2,097,152         4.52         4.52      3.909         2.01
   8,388,608         5.69         4.79      3.880         8.01
  33,554,432        20.44        16.78      3.890        32.01
 134,217,728        67.14        45.30      5.999       128.01

SBBF-Morton3D [double_hash] (3D)
--------------------------------------------------
    Elements   Insert(ns)    Query(ns)     FPR(%)   Memory(MB)
     131,072         3.42         4.36      3.715         0.12
     524,288         3.59         4.94      3.701         0.50
   2,097,152         4.91         5.99      3.673         2.00
   8,388,608         9.46         6.30      3.675         8.00
  33,554,432        22.71        22.03      3.683        32.00
 134,217,728        25.06        31.01      3.682       128.00

SBBF-Morton3D [pattern_lookup] (3D)
--------------------------------------------------
    Elements   Insert(ns)    Query(ns)     FPR(%)   Memory(MB)
     131,072         4.46         4.45      3.873         0.13
     524,288         4.41         4.34      3.885         0.51
   2,097,152         4.33         5.07      3.905         2.01
   8,388,608         4.53         5.30      3.897         8.01
  33,554,432        15.99        18.73      3.881        32.01
 134,217,728        19.42        23.84      3.886       128.01
